--------------------------------------------------------------------------------
11111111100000000000000000000000000000000000000000000000000000000000000000000000
00000000011111111100000000000000000000000000000000000000000000000000000000000000
00000000000000000011111111000000000000000000000000000000000000000000000000000000
10000000010000000000000000000000000000000000000000000000000000000000000000000000
01000000001000000010000000000000000000000000000000000000000000000000000000000000
00100000000100000001000000000000000000000000000000000000000000000000000000000000
00010000000010000000100000000000000000000000000000000000000000000000000000000000
00001000000001000000010000000000000000000000000000000000000000000000000000000000
00000100000000100000001000000000000000000000000000000000000000000000000000000000
00000010000000010000000100000000000000000000000000000000000000000000000000000000
00000001000000001000000010000000000000000000000000000000000000000000000000000000
00000000100000000100000001000000000000000000000000000000000000000000000000000000